0.jpg	33	31	83	81
351.jpg	68	42	145	119
300.jpg	162	38	209	85
301.jpg	150	51	275	176
103.jpg	95	40	185	130
81.jpg	162	54	243	135
6.jpg	83	22	111	50
79.jpg	90	98	229	237
36.jpg	125	33	188	96
9.jpg	75	24	103	52
10.jpg	82	38	140	96
179.jpg	34	106	163	235
220.jpg	122	0	314	192
83.jpg	240	51	303	114
154.jpg	193	76	307	190
409.jpg	185	19	249	83
16.jpg	35	21	62	48
77.jpg	115	106	239	230
19.jpg	95	14	203	122
368.jpg	103	43	156	96
23.jpg	69	51	140	122
370.jpg	77	185	257	365
26.jpg	174	64	241	131
27.jpg	51	82	79	110
28.jpg	43	37	136	130
29.jpg	101	84	236	219
32.jpg	123	0	254	131
58.jpg	177	23	255	101
209.jpg	45	60	180	195
40.jpg	99	41	150	92
225.jpg	168	58	233	123
374.jpg	135	99	242	206
210.jpg	171	45	227	101
461.jpg	13	65	264	316
55.jpg	7	27	60	80
157.jpg	57	123	220	286
59.jpg	106	28	161	83
62.jpg	61	90	89	118
119.jpg	210	66	283	139
68.jpg	105	31	148	74
70.jpg	26	27	148	149
76.jpg	69	48	106	85
80.jpg	93	135	178	220
269.jpg	42	28	134	120
85.jpg	132	30	169	67
88.jpg	73	85	141	153
89.jpg	147	48	219	120
90.jpg	82	72	179	169
92.jpg	146	38	194	86
93.jpg	45	67	167	189
95.jpg	92	35	132	75
96.jpg	57	46	114	103
314.jpg	39	64	129	154
111.jpg	29	35	91	97
112.jpg	59	89	165	195
460.jpg	103	34	173	104
408.jpg	125	60	195	130
118.jpg	176	83	247	154
439.jpg	101	75	177	151
122.jpg	83	24	112	53
525.jpg	136	114	201	179
517.jpg	76	275	177	376
284.jpg	128	73	214	159
131.jpg	128	50	172	94
132.jpg	56	23	94	61
134.jpg	33	68	115	150
139.jpg	169	86	236	153
142.jpg	64	20	93	49
143.jpg	45	63	98	116
146.jpg	173	48	254	129
148.jpg	227	33	274	80
149.jpg	107	38	132	63
150.jpg	173	36	227	90
151.jpg	67	26	93	52
156.jpg	138	35	200	97
158.jpg	115	114	149	148
165.jpg	148	65	214	131
169.jpg	20	51	130	161
171.jpg	121	31	167	77
231.jpg	104	112	307	315
173.jpg	144	76	198	130
175.jpg	69	41	114	86
178.jpg	83	34	111	62
182.jpg	64	28	124	88
184.jpg	186	110	268	192
192.jpg	108	36	135	63
193.jpg	119	192	196	269
484.jpg	79	102	159	182
274.jpg	42	77	259	294
204.jpg	66	5	93	32
207.jpg	33	25	68	60
212.jpg	11	51	98	138
340.jpg	91	71	161	141
233.jpg	100	30	149	79
239.jpg	123	68	154	99
246.jpg	126	31	168	73
248.jpg	152	65	251	164
249.jpg	23	31	91	99
251.jpg	113	26	150	63
252.jpg	169	51	272	154
253.jpg	141	53	220	132
256.jpg	25	46	113	134
411.jpg	90	77	179	166
263.jpg	57	45	118	106
268.jpg	53	26	89	62
273.jpg	68	39	103	74
277.jpg	58	67	167	176
286.jpg	105	33	163	91
527.jpg	107	100	179	172
290.jpg	39	17	64	42
292.jpg	65	94	99	128
296.jpg	87	133	257	303
299.jpg	89	37	120	68
302.jpg	170	20	208	58
308.jpg	105	37	130	62
313.jpg	72	152	106	186
316.jpg	132	39	180	87
317.jpg	150	85	237	172
318.jpg	61	26	87	52
320.jpg	269	143	334	208
326.jpg	27	63	96	132
327.jpg	78	64	141	127
498.jpg	158	46	232	120
336.jpg	187	60	223	96
338.jpg	58	35	125	102
339.jpg	14	38	81	105
345.jpg	144	51	175	82
353.jpg	210	59	248	97
355.jpg	74	58	102	86
358.jpg	200	84	244	128
359.jpg	102	21	144	63
365.jpg	128	36	152	60
369.jpg	54	100	124	170
377.jpg	144	60	219	135
379.jpg	96	57	150	111
385.jpg	91	37	131	77
388.jpg	58	58	113	113
389.jpg	102	50	130	78
412.jpg	147	50	220	123
413.jpg	164	58	226	120
423.jpg	150	171	178	199
424.jpg	92	42	131	81
428.jpg	105	39	141	75
436.jpg	96	34	128	66
453.jpg	132	53	172	93
465.jpg	164	52	217	105
475.jpg	190	132	225	167
479.jpg	149	42	187	80
482.jpg	245	91	291	137
492.jpg	94	134	244	284
493.jpg	152	76	241	165
501.jpg	98	50	129	81
506.jpg	139	79	203	143
507.jpg	48	42	104	98
515.jpg	136	298	162	324
529.jpg	117	47	179	109
